frame0000    q = [92.55 -40.7 69.7 -40.5  88.14 -3.12]   x = [21.4 -107 15.6 1.37 0.09 0.014]
frame0001    q = [69.8  -24.7 65.4 -63.44 50.2  10.98]   x = [-17.14 -111 -6.7 1.24 0.28 0.27]
frame0002    q = [68.95 -39.9 40.96 2.11  45.96 -26.7]   x = [-18.26 -111 39.2 1.47 0.65 -0.017]
frame0004    q = [82.74 -72.56 114.56 -49.22 71.51 0.93] x = [10.17 -72.92 22.68 1.44 0.15 0.14]
frame0006    q = [104.43 -9.14 45.93 -63.75 107.47 -8.12] x = [42.85 -112.28 -17.96 1.12 -0.06 -0.07]
frame0007    q = [104.37 -8.92 46.45 -67.93 106.58 35.64] x = [42.85 -112.28 -17.95 0.983 -0.46 0.636]
frame0008    q = [103.51 -7.64 27.63 -41.18 107.3 -25.4] x = [42.85 -120.2 -6.11 1.22 0.14 -0.36]
frame0009    q = [90.24 -54.65 35.84 37.26 84.2 -16.9] x = [17.77 -94.5 67.4 1.86 0.35 -0.098]
frame0010    q = [117.9 -15.72 23.73 -16.73 132.7 -10.97] x = [66.94 -104.95 11.08 1.46 -0.13 -0.29]
frame0011    q = [105.73 -38.22 56.54 -24.98 110.35 -3.91] x = [43.13 -104.6 22.3 1.46 -0.045 -0.088]
